tree
version=v4
num_class=1
num_tree_per_iteration=1
label_index=0
max_feature_idx=6
objective=binary sigmoid:1
feature_names=rsi ema20 macd boll_width price_change volume_change volatility_3candle
feature_infos=[25.301659882751579:88.328486744551356] [93867.926422486722:96944.572799575792] [-140.67637586384097:197.87512682445495] [0.004837789639018414:0.019850786286044666] [-0.016110050480202864:0.010630154498216804] [-0.77627501917288133:2.5790307255807976] [23.912649369933689:1103.244438372511]
tree_sizes=745 665 772 663 665 771 768 664 667 772 664 660 561 670 669 564 668 666 663 769 769 771 662 671 767 667 671 663 673 669 671 666 661 673 770 670 668 666 770 674 664 672 672 666 673 672 673 665 673 671 673 671 674 673 667 670 771 672 673 665 667 569 675 671 677 669 773 670 675 668 669 777 672 669 780 669 671 774 775 674 669 667 771 673 672 676 676 675 770 666 670 671 678 667 675 677 675 673 675 675

Tree=0
num_leaves=6
num_cat=0
split_feature=1 5 6 4 1
split_gain=8.13503 7.27591 3.9493 2.00132 1.25313
threshold=94379.887128456743 0.15998825774450168 174.8297716772436 -0.00043060423853957802 94918.18196099432
decision_type=2 2 2 2 2
left_child=-1 3 -3 -2 -5
right_child=1 2 -4 4 -6
leaf_value=-0.89008643424837164 -1.1454584743313858 -1.0433096582981802 -0.90973043733168035 -1.0177724542898787 -1.0968161809822403
leaf_weight=4.6990267038345364 3.9158555865287807 3.9158555865287763 5.0906122624874115 3.9158555865287763 4.111648365855217
leaf_count=24 20 20 26 20 21
internal_value=-1.009 -1.03567 -0.967808 -1.08685 -1.05826
internal_weight=25.6489 20.9498 9.00647 11.9434 8.0275
internal_count=131 107 46 61 41
is_linear=0
shrinkage=1


Tree=1
num_leaves=5
num_cat=0
split_feature=1 5 0 5
split_gain=6.67396 3.06092 4.41398 2.94443
threshold=94828.026220582004 -0.29282087127366352 52.479992674999927 0.19047854426525138
decision_type=2 2 2 2
left_child=1 -1 -3 -2
right_child=3 2 -4 -5
leaf_value=-0.033267907695734254 -0.10238664843176484 0.12778868176363944 0.00073639216627530558 0.0050298256211915721
leaf_weight=3.8852192759513846 6.5280321538448316 6.0068675726652163 5.0192800760269165 4.1896621137857437
leaf_count=20 35 30 25 21
internal_value=-0.000205132 0.0430579 0.0699524 -0.0603964
internal_weight=25.6291 14.9114 11.0261 10.7177
internal_count=131 75 55 56
is_linear=0
shrinkage=0.1


Tree=2
num_leaves=6
num_cat=0
split_feature=1 5 6 4 5
split_gain=5.60149 5.28658 2.9838 1.88776 0.932868
threshold=94379.887128456743 0.15998825774450168 174.8297716772436 -0.00043060423853957802 -0.29282087127366352
decision_type=2 2 2 2 2
left_child=-1 3 -3 -2 -5
right_child=1 2 -4 4 -6
leaf_value=0.093949293997494993 -0.13015381889683603 -0.03439630761909819 0.080256519480051733 -0.078126753866491455 -0.0082297111990089992
leaf_weight=5.0549076199531582 3.5492859780788448 3.9150077700614911 5.4017086029052734 3.6850577294826534 3.9627231955528224
leaf_count=24 20 20 26 20 21
internal_value=-0.000340309 -0.0235747 0.0320779 -0.0698814 -0.0419094
internal_weight=25.5687 20.5138 9.31672 11.1971 7.64778
internal_count=131 107 46 61 41
is_linear=0
shrinkage=0.1


Tree=3
num_leaves=5
num_cat=0
split_feature=1 3 6 6
split_gain=4.96711 2.51171 2.34453 0.363664
threshold=94828.026220582004 0.0099209140398901757 151.1912046528939 174.8297716772436
decision_type=2 2 2 2
left_child=1 3 -2 -1
right_child=2 -3 -4 -5
leaf_value=0.019251301446185524 -0.10779557868594647 0.078418857432530839 -0.01136090730117157 -0.023369151074943383
leaf_weight=3.8585985600948352 4.5603811889886838 7.2289283871650687 5.6378550231456757 4.160784125328064
leaf_count=20 26 35 30 20
internal_value=-0.000460051 0.0356717 -0.0544839 -0.00286193
internal_weight=25.4465 15.2483 10.1982 8.01938
internal_count=131 75 56 40
is_linear=0
shrinkage=0.1


Tree=4
num_leaves=5
num_cat=0
split_feature=1 5 4 6
split_gain=4.08355 2.25378 2.03329 5.08003
threshold=94828.026220582004 0.19047854426525138 0.00060167486500395395 196.88198453097365
decision_type=2 2 2 2
left_child=2 -2 -1 -4
right_child=1 -3 3 -5
leaf_value=-0.009162150180043422 -0.091346377654056163 0.0052959921350418122 0.14292562246018678 -0.010565998972675385
leaf_weight=6.8341099023818996 5.7321018129587156 4.1675728559494019 4.1853120625019056 4.4476137310266495
leaf_count=34 35 21 20 21
internal_value=-0.000510732 -0.0506618 0.0315885 0.063848
internal_weight=25.3667 9.89967 15.467 8.63293
internal_count=131 56 75 41
is_linear=0
shrinkage=0.1


Tree=5
num_leaves=6
num_cat=0
split_feature=1 3 3 5 5
split_gain=4.68207 3.71937 4.89751 2.35352 0.598776
threshold=94351.150194343601 0.0066971852087058222 0.0099209140398901757 0.10076050841120755 1.0000000180025095e-35
decision_type=2 2 2 2 2
left_child=-1 -2 4 -4 -3
right_child=1 2 3 -5 -6
leaf_value=0.09855280087852962 0.060812546475037824 -0.12694649100875299 -0.040575173857068603 0.064419700332458571 -0.07238546419151741
leaf_weight=4.0079020261764553 4.5541887283325222 3.6172739714384097 4.282279044389723 4.257462814450264 4.5307458639144897
leaf_count=18 24 22 24 20 23
internal_value=-0.000582512 -0.0192872 -0.0411469 0.0117697 -0.0966076
internal_weight=25.2499 21.242 16.6878 8.53974 8.14802
internal_count=131 113 89 44 45
is_linear=0
shrinkage=0.1


Tree=6
num_leaves=6
num_cat=0
split_feature=1 5 4 4 2
split_gain=3.70768 3.21608 2.29317 4.15289 2.19457
threshold=94351.150194343601 0.15998825774450168 -0.00043060423853957802 0.0011964126879430161 -30.627888205959334
decision_type=2 2 2 2 2
left_child=-1 2 -2 -4 -3
right_child=1 4 3 -5 -6
leaf_value=0.085928571160025669 -0.12553072215724731 0.079510922880287327 0.045028855974295776 -0.10407213481655449 -0.015263630205220785
leaf_weight=4.1299196183681515 3.2815531343221691 4.064914345741272 3.9606315791606894 3.5356679409742355 6.1242899596691114
leaf_count=18 21 20 23 20 29
internal_value=-0.00067551 -0.0177341 -0.0558142 -0.0252954 0.022546
internal_weight=25.097 20.9671 10.7779 7.4963 10.1892
internal_count=131 113 64 43 49
is_linear=0
shrinkage=0.1


Tree=7
num_leaves=5
num_cat=0
split_feature=5 2 6 0
split_gain=2.98576 6.10915 4.1095 4.12755
threshold=-0.39668289216316344 -42.396168227776947 196.88198453097365 57.332707840723863
decision_type=2 2 2 2
left_child=-1 -2 3 -3
right_child=1 2 -4 -5
leaf_value=-0.080124311038550777 0.097910026730571587 0.087902057134287656 -0.080855274212877665 -0.053385175872169427
leaf_weight=3.983358412981036 6.1698797494173112 4.6832556352019257 6.4055157154798499 3.7022819966077805
leaf_count=24 31 23 32 21
internal_value=-0.000760481 0.0143216 -0.0205461 0.0255226
internal_weight=24.9443 20.9609 14.7911 8.38554
internal_count=131 107 76 44
is_linear=0
shrinkage=0.1


Tree=8
num_leaves=5
num_cat=0
split_feature=1 6 3 6
split_gain=2.78731 2.02082 1.7786 0.225868
threshold=94828.026220582004 151.1912046528939 0.0099209140398901757 174.8297716772436
decision_type=2 2 2 2
left_child=2 -2 3 -1
right_child=1 -3 -4 -5
leaf_value=0.0093025644645727615 -0.098806982663846063 -0.0042451821824413104 0.059935962387080689 -0.024197899768707686
leaf_weight=3.9701704382896441 3.9203673452138883 5.3358136415481567 7.5270655751228324 4.0816880762577057
leaf_count=20 26 30 35 20
internal_value=-0.000833689 -0.0442959 0.0249893 -0.00767966
internal_weight=24.8351 9.25618 15.5789 8.05186
internal_count=131 56 75 40
is_linear=0
shrinkage=0.1


Tree=9
num_leaves=6
num_cat=0
split_feature=1 3 3 5 5
split_gain=2.57402 2.80355 4.50655 1.7677 0.503954
threshold=94351.150194343601 0.0066971852087058222 0.0099209140398901757 0.15998825774450168 1.0000000180025095e-35
decision_type=2 2 2 2 2
left_child=-1 -2 4 -4 -3
right_child=1 2 3 -5 -6
leaf_value=0.069943879071128728 0.052837722743998332 -0.12197676413781425 -0.031655445026074022 0.060928954907734617 -0.069594995656932668
leaf_weight=4.2549704909324673 4.6366237401962307 3.139804743230342 4.0471132174134237 4.2047288864850998 4.4253069385886192
leaf_count=18 24 22 25 19 23
internal_value=-0.000821096 -0.0155424 -0.0355875 0.015521 -0.0913354
internal_weight=24.7085 20.4536 15.817 8.25184 7.56511
internal_count=131 113 89 44 45
is_linear=0
shrinkage=0.1


Tree=10
num_leaves=5
num_cat=0
split_feature=4 4 0 2
split_gain=2.513 5.26917 3.08145 2.95827
threshold=0.0014453574267642157 0.00037757201941601709 50.056750783829365 9.0752954023793979
decision_type=2 2 2 2
left_child=1 2 -1 -2
right_child=3 -3 -4 -5
leaf_value=-0.066798266731889031 -0.10021023327526782 0.12077869478489266 0.036275029510919814 0.016228983752317058
leaf_weight=5.3777614906430262 4.5099178925156576 4.0825398266315451 6.2962260395288467 4.2269342392683029
leaf_count=29 24 21 36 21
internal_value=-0.00086091 0.0229908 -0.0112069 -0.0438763
internal_weight=24.4934 15.7565 11.674 8.73685
internal_count=131 86 65 45
is_linear=0
shrinkage=0.1


Tree=11
num_leaves=5
num_cat=0
split_feature=2 6 6 4
split_gain=2.31829 5.1946 3.08906 3.84843
threshold=-42.396168227776947 174.8297716772436 196.88198453097365 0.00060167486500395395
decision_type=2 2 2 2
left_child=1 -1 3 -2
right_child=2 -3 -4 -5
leaf_value=-0.047905117881922768 -0.048650135812178717 0.11580722867412443 -0.071003296129625026 0.079821776461189584
leaf_weight=3.459278546273711 4.634778171777727 4.4076886400580406 7.2607595995068541 4.6922592446208
leaf_count=21 27 21 39 23
internal_value=-0.000889435 0.0438193 -0.0220931 0.0159817
internal_weight=24.4548 7.86697 16.5878 9.32704
internal_count=131 42 89 50
is_linear=0
shrinkage=0.1


Tree=12
num_leaves=4
num_cat=0
split_feature=5 2 6
split_gain=2.2332 4.92143 2.98706
threshold=-0.3063030547385408 -42.396168227776947 196.88198453097365
decision_type=2 2 2
left_child=-1 -2 -3
right_child=1 2 -4
leaf_value=-0.063956457834024483 0.08800427011730598 0.021875322574952082 -0.072527436102857626
leaf_weight=4.5632820129394558 6.1359551250934663 7.5746570155024475 6.0121365189552307
leaf_count=30 30 39 32
internal_value=-0.00091443 0.0136717 -0.0198978
internal_weight=24.286 19.7227 13.5868
internal_count=131 101 71
is_linear=0
shrinkage=0.1


Tree=13
num_leaves=5
num_cat=0
split_feature=4 3 3 1
split_gain=1.99318 2.5884 4.62612 1.53169
threshold=0.0025095828272598823 0.0066971852087058222 0.0099209140398901757 94786.072390218076
decision_type=2 2 2 2
left_child=1 -1 3 -3
right_child=-2 2 -4 -5
leaf_value=0.088329537036939201 -0.054663261866392171 -0.012519275982203898 0.052636528318867941 -0.10193090755674161
leaf_weight=3.785813629627234 5.3656255155801764 3.726690046489237 7.3233493641018867 3.9432111978530884
leaf_count=19 27 19 39 27
internal_value=-0.000911931 0.0144461 -0.00420955 -0.0584871
internal_weight=24.1447 18.7791 14.9933 7.6699
internal_count=131 104 85 46
is_linear=0
shrinkage=0.1


Tree=14
num_leaves=5
num_cat=0
split_feature=1 6 4 4
split_gain=1.86691 1.7139 1.31691 3.18562
threshold=94828.026220582004 151.1912046528939 0.00060167486500395395 0.0022754462155016868
decision_type=2 2 2 2
left_child=2 -2 -1 -4
right_child=1 -3 3 -5
leaf_value=-0.013561848974937188 -0.092407968793981929 -0.0014973301443695838 0.1118304496099894 -0.0093990685803075416
leaf_weight=6.6721665188670185 3.4790213555097562 5.1339452862739563 3.9567760750651342 4.7936137244105339
leaf_count=34 26 30 18 23
internal_value=-0.000924918 -0.0382187 0.0199024 0.0454188
internal_weight=24.0355 8.61297 15.4226 8.75039
internal_count=131 56 75 41
is_linear=0
shrinkage=0.1


Tree=15
num_leaves=4
num_cat=0
split_feature=5 2 6
split_gain=1.7952 4.16075 2.45885
threshold=-0.3063030547385408 -42.396168227776947 196.88198453097365
decision_type=2 2 2
left_child=-1 -2 -3
right_child=1 2 -4
leaf_value=-0.059313275627524822 0.080063602156563593 0.018248152637524922 -0.068148868690314196
leaf_weight=4.3114928677678135 6.1516022607684198 7.5860058367252297 5.8223223686218262
leaf_count=30 30 39 32
internal_value=-0.000903315 0.0119717 -0.0192682
internal_weight=23.8714 19.5599 13.4083
internal_count=131 101 71
is_linear=0
shrinkage=0.1


Tree=16
num_leaves=5
num_cat=0
split_feature=3 3 3 2
split_gain=1.71764 3.68122 3.07612 2.81035
threshold=0.0099209140398901757 0.011223634701412384 0.0073055645674003902 -52.043416354274306
decision_type=2 2 2 2
left_child=2 -2 3 -1
right_child=1 -3 -4 -5
leaf_value=0.074249077493757559 0.10553423181857997 -0.017681605213347953 -0.089701159809323014 -0.039593928160594836
leaf_weight=3.8760141506791106 3.9574175775051099 6.2605258151888847 4.6921751573681822 4.9221456944942501
leaf_count=20 18 35 30 28
internal_value=-0.000887592 0.03004 -0.024313 0.0105594
internal_weight=23.7083 10.2179 13.4903 8.79816
internal_count=131 53 78 48
is_linear=0
shrinkage=0.1


Tree=17
num_leaves=5
num_cat=0
split_feature=4 4 6 2
split_gain=1.62514 4.17897 3.38854 2.72414
threshold=0.0014453574267642157 0.00060167486500395395 174.8297716772436 9.0752954023793979
decision_type=2 2 2 2
left_child=1 2 -1 -2
right_child=3 -3 -4 -5
leaf_value=-0.063765135286227362 -0.094054346004508432 0.11692127738621566 0.042638287417979398 0.021391372940514287
leaf_weight=5.8498461320996302 4.1281455606222135 3.356719806790351 6.1284746304154396 4.0485078990459442
leaf_count=37 24 15 34 21
internal_value=-0.000889068 0.0183086 -0.0093259 -0.0368937
internal_weight=23.5117 15.335 11.9783 8.17665
internal_count=131 86 71 45
is_linear=0
shrinkage=0.1


Tree=18
num_leaves=5
num_cat=0
split_feature=1 5 6 1
split_gain=1.53747 1.83626 1.66127 1.07158
threshold=94351.150194343601 0.15998825774450168 174.8297716772436 95180.396255262371
decision_type=2 2 2 2
left_child=-1 3 -3 -2
right_child=1 2 -4 -5
leaf_value=0.054117495789170293 -0.01884331125885641 -0.035847715977373032 0.04858249986770799 -0.089468520976397931
leaf_weight=4.1716092228889492 5.7850839942693728 3.7291701287031156 6.2134162336587906 3.4174420014023781
leaf_count=18 35 20 29 29
internal_value=-0.000893158 -0.0128797 0.0169152 -0.0450706
internal_weight=23.3167 19.1451 9.94259 9.20253
internal_count=131 113 49 64
is_linear=0
shrinkage=0.1


Tree=19
num_leaves=6
num_cat=0
split_feature=4 4 0 5 2
split_gain=1.47846 3.36019 3.21805 2.48621 2.27724
threshold=0.0014453574267642157 0.00060167486500395395 50.056750783829365 0.10076050841120755 9.0752954023793979
decision_type=2 2 2 2 2
left_child=1 2 -1 -4 -2
right_child=4 -3 3 -5 -6
leaf_value=-0.066620059197567777 -0.089808007810941018 0.10542320853047403 -0.018562513546928734 0.1052326722040855 0.016747901814034166
leaf_weight=5.1805688068270701 3.9385377131402475 3.3790629655122748 3.4917046129703522 3.0301552787423134 4.0867677330970764
leaf_count=31 24 15 25 15 21
internal_value=-0.000870266 0.0175817 -0.00778243 0.0389546 -0.035546
internal_weight=23.1068 15.0815 11.7024 6.52186 8.02531
internal_count=131 86 71 40 45
is_linear=0
shrinkage=0.1


Tree=20
num_leaves=6
num_cat=0
split_feature=1 3 3 5 6
split_gain=1.25924 1.5051 2.86592 1.32868 0.22093
threshold=94351.150194343601 0.0066971852087058222 0.0099209140398901757 0.15998825774450168 196.88198453097365
decision_type=2 2 2 2 2
left_child=-1 -2 4 -4 -3
right_child=1 2 3 -5 -6
leaf_value=0.048904699321386594 0.037801020502161747 -0.095405110891690889 -0.031627018770171718 0.049809065681806874 -0.056703329834516251
leaf_weight=4.1585805118083981 4.5952178016304996 3.627716463059186 3.8109057545661909 4.2242974191904068 2.4856513068079948
leaf_count=18 24 28 25 19 17
internal_value=-0.000877142 -0.011922 -0.0280712 0.0111859 -0.0796692
internal_weight=22.9024 18.7438 14.1486 8.0352 6.11337
internal_count=131 113 89 44 45
is_linear=0
shrinkage=0.1


Tree=21
num_leaves=6
num_cat=0
split_feature=4 4 3 3 5
split_gain=1.34796 1.61221 3.28235 1.65589 1.6553
threshold=0.0025095828272598823 -0.00092161753851743844 0.0072583891554306749 0.010681203001825 0.30129039251607664
decision_type=2 2 2 2 2
left_child=1 4 -3 -4 -1
right_child=-2 2 3 -5 -6
leaf_value=-0.07779500910989999 -0.046844671545908448 0.11460225198296731 -0.056222327650498422 0.039111146628155895 0.02151177947151969
leaf_weight=3.2504638656973901 4.9774996265768996 3.5602001845836622 3.2154067829251289 4.2042597159743309 3.4707126766443253
leaf_count=24 27 18 21 23 18
internal_value=-0.000869336 0.0120588 0.035671 -0.00220283 -0.0265145
internal_weight=22.6785 17.701 10.9799 7.41967 6.72118
internal_count=131 104 62 44 42
is_linear=0
shrinkage=0.1


Tree=22
num_leaves=5
num_cat=0
split_feature=2 6 6 0
split_gain=1.21528 3.45738 1.84221 2.24454
threshold=-42.396168227776947 192.25197918069264 196.88198453097365 57.332707840723863
decision_type=2 2 2 2
left_child=1 -1 3 -2
right_child=2 -3 -4 -5
leaf_value=-0.038587421359149207 0.05924947359098888 0.098272234741167974 -0.057749483504049848 -0.042499299125156736
leaf_weight=3.5597720853984383 4.7497982829809171 3.8337880373001099 6.4189563170075408 3.9886858910322189
leaf_count=24 26 18 39 24
internal_value=-0.000859928 0.0323785 -0.0170731 0.0128062
internal_weight=22.551 7.39356 15.1574 8.73848
internal_count=131 42 89 50
is_linear=0
shrinkage=0.1


Tree=23
num_leaves=5
num_cat=0
split_feature=3 3 3 2
split_gain=1.2083 2.29259 2.04309 2.27598
threshold=0.0099209140398901757 0.011223634701412384 0.0073055645674003902 -52.043416354274306
decision_type=2 2 2 2
left_child=2 -2 3 -1
right_child=1 -3 -4 -5
leaf_value=0.064240315769077322 0.084655151926066846 -0.013881477801166407 -0.080241109774904729 -0.040046927216640611
leaf_weight=3.7700571790337554 3.9227702021598798 5.9314320757985115 4.0160660035908213 4.7035718746483353
leaf_count=20 18 35 30 28
internal_value=-0.000836106 0.0253441 -0.0214919 0.00635219
internal_weight=22.3439 9.8542 12.4897 8.47363
internal_count=131 53 78 48
is_linear=0
shrinkage=0.1


Tree=24
num_leaves=6
num_cat=0
split_feature=4 4 0 2 1
split_gain=1.16738 2.27931 2.80757 2.00227 0.0451235
threshold=0.0014453574267642157 0.00060167486500395395 50.056750783829365 9.0752954023793979 94889.748471881481
decision_type=2 2 2 2 2
left_child=1 2 -1 -2 -4
right_child=3 -3 4 -5 -6
leaf_value=-0.063280681814904399 -0.085697425432104568 0.088419298138064956 0.029744076811301541 0.01670592808918386 0.046648202285496182
leaf_weight=4.8230747953057307 3.6694063469767562 3.3342463225126258 3.2208171561360359 3.9808177500963211 3.0980846956372261
leaf_count=31 24 15 17 21 23
internal_value=-0.0008149 0.0158829 -0.00582367 -0.0324115 0.038032
internal_weight=22.1264 14.4762 11.142 7.65022 6.3189
internal_count=131 86 71 45 40
is_linear=0
shrinkage=0.1


Tree=25
num_leaves=5
num_cat=0
split_feature=5 0 1 0
split_gain=1.21683 1.58482 0.926548 0.812226
threshold=0.15998825774450168 52.479992674999927 94765.32075571474 61.116911858668828
decision_type=2 2 2 2
left_child=1 -1 -2 -3
right_child=2 3 -4 -5
leaf_value=0.013326676738634644 0.049829697900128006 -0.099116647796436225 -0.0093994364023348032 -0.022755652293992013
leaf_weight=5.7092696428298968 5.9149180650711042 2.8378455638885498 4.7720082402229309 2.7358019798994064
leaf_count=37 28 20 26 20
internal_value=-0.000799401 -0.0237037 0.0233823 -0.0616352
internal_weight=21.9698 11.2829 10.6869 5.57365
internal_count=131 77 54 40
is_linear=0
shrinkage=0.1


Tree=26
num_leaves=5
num_cat=0
split_feature=1 4 4 3
split_gain=0.999579 1.2259 1.738 2.36966
threshold=94351.150194343601 0.0019924225915741727 -0.00092161753851743844 0.0081154358175158075
decision_type=2 2 2 2
left_child=-1 2 -2 -4
right_child=1 -3 3 -5
leaf_value=0.044404452695002719 -0.036936025155767882 -0.055483418531135559 0.10154039271839639 -0.011973420041218222
leaf_weight=4.0018700063228634 5.7426901571452653 4.5827849507331839 3.1898381859064084 4.342731524258852
leaf_count=18 39 28 18 28
internal_value=-0.000767606 -0.0108904 0.00450371 0.0360966
internal_weight=21.8599 17.858 13.2753 7.53257
internal_count=131 113 85 46
is_linear=0
shrinkage=0.1


Tree=27
num_leaves=5
num_cat=0
split_feature=5 0 6 0
split_gain=1.13718 1.23621 0.811764 0.780201
threshold=0.15998825774450168 52.479992674999927 174.8297716772436 61.116911858668828
decision_type=2 2 2 2
left_child=1 -1 -2 -3
right_child=2 3 -4 -5
leaf_value=0.0092290445251426 -0.015414190201700493 -0.095588263334806661 0.042738056119919453 -0.019324379694512193
leaf_weight=5.711372062563898 3.6672954410314542 2.6941811516880989 6.9490796700119972 2.6716409996151924
leaf_count=37 21 20 33 20
internal_value=-0.000736975 -0.0231511 0.0226501 -0.0576165
internal_weight=21.6936 11.0772 10.6164 5.36582
internal_count=131 77 54 40
is_linear=0
shrinkage=0.1


Tree=28
num_leaves=5
num_cat=0
split_feature=3 3 3 1
split_gain=0.941939 1.5912 1.58313 1.08263
threshold=0.0099209140398901757 0.011223634701412384 0.0066971852087058222 94699.564199188448
decision_type=2 2 2 2
left_child=2 -2 -1 -4
right_child=1 -3 3 -5
leaf_value=0.027366094767932361 0.071839314960863071 -0.010930304397000865 -0.0066852790615529309 -0.083190260842153418
leaf_weight=4.4956156760454196 3.8992523029446584 5.7443161904811859 3.4422217011451721 3.9980901032686234
leaf_count=24 18 35 20 34
internal_value=-0.000706895 0.0225365 -0.0194863 -0.0477956
internal_weight=21.5795 9.64357 11.9359 7.44031
internal_count=131 53 78 54
is_linear=0
shrinkage=0.1


Tree=29
num_leaves=5
num_cat=0
split_feature=4 2 4 0
split_gain=0.95816 1.70042 1.68644 2.56148
threshold=0.0014453574267642157 9.0752954023793979 0.00060167486500395395 51.089815054408561
decision_type=2 2 2 2
left_child=2 -2 3 -1
right_child=1 -3 -4 -5
leaf_value=-0.05380645251373143 -0.081106905260166243 0.015304899313098483 0.077585183194475882 0.043665530075448163
leaf_weight=5.3237346708774584 3.4478412568569174 3.8969888985157013 3.2649444937705985 5.4623515270650387
leaf_count=35 24 21 15 36
internal_value=-0.000683506 -0.0299531 0.0146165 -0.00444413
internal_weight=21.3959 7.34483 14.051 10.7861
internal_count=131 45 86 71
is_linear=0
shrinkage=0.1


Tree=30
num_leaves=5
num_cat=0
split_feature=2 6 4 5
split_gain=1.06754 2.89809 1.37677 2.60589
threshold=-42.396168227776947 196.88198453097365 -0.00026383326872236873 -0.07964111119934246
decision_type=2 2 2 2
left_child=1 -1 -2 -4
right_child=2 -3 3 -5
leaf_value=-0.036324814966085715 -0.06271958311196639 0.093403544426956919 0.075577960832771726 -0.032480355423102875
leaf_weight=3.2872510030865696 4.4103570394217995 3.6166138872504234 3.3895194232463837 6.5334418192505783
leaf_count=25 32 17 22 35
internal_value=-0.000671253 0.0316338 -0.0162315 0.00443058
internal_weight=21.2372 6.90386 14.3333 9.92296
internal_count=131 42 89 57
is_linear=0
shrinkage=0.1


Tree=31
num_leaves=5
num_cat=0
split_feature=5 1 3 5
split_gain=1.13631 1.23002 1.08375 0.745225
threshold=0.15998825774450168 95180.396255262371 0.010681203001825 0.54814619706434675
decision_type=2 2 2 2
left_child=1 2 -1 -2
right_child=3 -3 -4 -5
leaf_value=-0.038181076235017736 0.054696449535768923 -0.081335353737691435 0.03583779438951594 0.00026236096981746337
leaf_weight=4.2357789352536219 4.3147824481129629 2.7378058880567551 3.7111919522285461 6.0296857878565788
leaf_count=27 21 29 21 33
internal_value=-0.00065722 -0.0235294 -0.00361467 0.0229674
internal_weight=21.0292 10.6848 7.94697 10.3445
internal_count=131 77 48 54
is_linear=0
shrinkage=0.1


Tree=32
num_leaves=5
num_cat=0
split_feature=5 0 0 6
split_gain=0.930025 1.13714 0.660907 0.6004
threshold=0.15998825774450168 52.479992674999927 63.17097496265071 174.8297716772436
decision_type=2 2 2 2
left_child=1 -1 -3 -2
right_child=3 2 -4 -5
leaf_value=0.010563038332513659 -0.012917876126020919 -0.0912294663779495 -0.019445217927549847 0.037817879959072022
leaf_weight=5.3607763014733809 3.5345938280224782 2.5623641572892666 2.5679324306547642 6.8579757809638977
leaf_count=37 21 21 19 33
internal_value=-0.000640519 -0.0216442 -0.0552984 0.0205623
internal_weight=20.8836 10.4911 5.1303 10.3926
internal_count=131 77 40 54
is_linear=0
shrinkage=0.1


Tree=33
num_leaves=5
num_cat=0
split_feature=4 4 5 1
split_gain=0.839854 1.40281 2.66946 0.80631
threshold=0.0014453574267642157 -0.00043060423853957802 0.30129039251607664 94452.170807290939
decision_type=2 2 2 2
left_child=1 2 -1 -2
right_child=3 -3 -4 -5
leaf_value=-0.084328938330720082 0.0084829322656725901 0.047105471275763422 0.039431343677432215 -0.058943145656775213
leaf_weight=3.209834225475789 3.2464688196778289 6.5894547328352937 3.8134733065962791 3.9091456234455109
leaf_count=27 16 38 21 29
internal_value=-0.000615837 0.0139639 -0.0171303 -0.0283522
internal_weight=20.7684 13.6128 7.02331 7.15561
internal_count=131 86 48 45
is_linear=0
shrinkage=0.1


Tree=34
num_leaves=6
num_cat=0
split_feature=2 6 6 2 4
split_gain=0.796451 1.65296 1.42812 2.04117 0.414376
threshold=-42.396168227776947 199.85029317183941 113.86635806516664 7.7664783355143934 0.0017960501176031987
decision_type=2 2 2 2 2
left_child=1 -1 -2 -4 -5
right_child=2 -3 3 4 -6
leaf_value=-0.020284543992520346 0.048190650897672931 0.078882826721488553 -0.086180476774741624 -0.022924051388620251 0.026299319712743942
leaf_weight=3.4797417782247093 2.895194996148347 3.2513516172766685 4.1411061212420446 3.2798229083418846 3.5736448913812637
leaf_count=27 20 15 29 21 19
internal_value=-0.000614559 0.0276167 -0.0142957 -0.0307502 0.00274279
internal_weight=20.6209 6.73109 13.8898 10.9946 6.85347
internal_count=131 42 89 69 40
is_linear=0
shrinkage=0.1


Tree=35
num_leaves=5
num_cat=0
split_feature=1 4 4 5
split_gain=0.76619 1.81225 1.35551 0.994332
threshold=94416.78767701333 0.0019924225915741727 -0.00043060423853957802 0.37393739102891538
decision_type=2 2 2 2
left_child=-1 2 3 -2
right_child=1 -3 -4 -5
leaf_value=0.029431814513590768 -0.07160511620996482 -0.078303788720056139 0.040407055452755428 0.013471953431314585
leaf_weight=6.0030899271369007 2.7603268250823021 3.2896305322647086 5.6778941769152862 2.734774649143219
leaf_count=30 25 23 37 16
internal_value=-0.000600638 -0.0130664 0.00614126 -0.0292644
internal_weight=20.4657 14.4626 11.173 5.4951
internal_count=131 101 78 41
is_linear=0
shrinkage=0.1


Tree=36
num_leaves=5
num_cat=0
split_feature=5 6 6 5
split_gain=0.800452 1.1636 1.50898 0.628858
threshold=0.15998825774450168 135.96556227185931 192.25197918069264 0.54814619706434675
decision_type=2 2 2 2
left_child=1 -1 -3 -2
right_child=3 2 -4 -5
leaf_value=-0.067226585569668401 0.048084158553963398 0.061590743518024585 -0.035604980900664329 -0.0020902621349968595
leaf_weight=3.4952411316335219 4.3260499835014325 2.7011294849216938 3.9087222367525101 5.9113188832998276
leaf_count=30 21 17 30 33
internal_value=-0.000595811 -0.0205618 0.00411425 0.0191122
internal_weight=20.3425 10.1051 6.60985 10.2374
internal_count=131 77 47 54
is_linear=0
shrinkage=0.1


Tree=37
num_leaves=5
num_cat=0
split_feature=5 6 6 6
split_gain=0.653661 0.98161 1.21527 0.605591
threshold=0.15998825774450168 135.96556227185931 192.25197918069264 174.8297716772436
decision_type=2 2 2 2
left_child=1 -1 -3 -2
right_child=3 2 -4 -5
leaf_value=-0.062563996402465669 -0.016489038633360105 0.054549716983049681 -0.032556977412125425 0.034674296206335206
leaf_weight=3.3860313799232262 3.5198842883110029 2.7424576431512833 3.8503844924271107 6.7497778460383415
leaf_count=30 21 17 30 33
internal_value=-0.000572681 -0.0187997 0.00367723 0.0171383
internal_weight=20.2485 9.97887 6.59284 10.2697
internal_count=131 77 47 54
is_linear=0
shrinkage=0.1


Tree=38
num_leaves=6
num_cat=0
split_feature=4 4 0 6 2
split_gain=0.688023 1.22783 2.44276 0.804661 0.583898
threshold=0.0014453574267642157 0.00060167486500395395 50.056750783829365 196.88198453097365 15.144997672935114
decision_type=2 2 2 2 2
left_child=1 2 -1 -4 -2
right_child=4 -3 3 -5 -6
leaf_value=-0.061166822646899204 -0.055567175548785923 0.067331177338744136 0.0039275111814854741 0.07849034922662905 0.0028207902838944983
leaf_weight=4.3218127414584178 3.415918292477726 3.143392637372016 3.1640271097421646 2.6675646528601646 3.4350797235965729
leaf_count=31 26 15 23 17 19
internal_value=-0.000547042 0.0127175 -0.00419039 0.038035 -0.0262915
internal_weight=20.1478 13.2968 10.1534 5.83159 6.851
internal_count=131 86 71 40 45
is_linear=0
shrinkage=0.1


Tree=39
num_leaves=5
num_cat=0
split_feature=2 6 3 3
split_gain=0.860366 1.05647 1.72835 0.568456
threshold=-94.824867980782145 113.86635806516664 0.0099209140398901757 0.0066971852087058222
decision_type=2 2 2 2
left_child=-1 -2 3 -3
right_child=1 2 -4 -5
leaf_value=0.048450263677623485 0.037364682306176004 -0.025235541151173015 0.013337426006322442 -0.084704429416751062
leaf_weight=3.0403950773179558 3.7696986980736282 2.8244051709771139 6.6286884248256683 3.7302952911704779
leaf_count=21 26 17 37 30
internal_value=-0.000534011 -0.00931893 -0.0226678 -0.0590794
internal_weight=19.9935 16.9531 13.1834 6.5547
internal_count=131 110 84 47
is_linear=0
shrinkage=0.1


Tree=40
num_leaves=5
num_cat=0
split_feature=2 6 1 6
split_gain=0.691499 0.858014 1.48993 1.46747
threshold=-94.824867980782145 113.86635806516664 94416.78767701333 160.38774921419773
decision_type=2 2 2 2
left_child=-1 -2 -3 -4
right_child=1 2 3 -5
leaf_value=0.04306713029852885 0.033223384890681322 0.025051713972567259 -0.10402862775371896 -0.015826254736426886
leaf_weight=3.0763528291136053 3.8131836839020279 4.6001964062452307 2.8533423859626037 5.5656540803611279
leaf_count=21 26 24 22 38
internal_value=-0.000527075 -0.00849453 -0.0207133 -0.0457196
internal_weight=19.9087 16.8324 13.0192 8.419
internal_count=131 110 84 60
is_linear=0
shrinkage=0.1


Tree=41
num_leaves=5
num_cat=0
split_feature=5 5 5 0
split_gain=0.567366 0.967985 0.950632 0.554954
threshold=0.15998825774450168 -0.1113817072338079 -0.39668289216316344 54.04844358349628
decision_type=2 2 2 2
left_child=1 2 -1 -2
right_child=3 -3 -4 -5
leaf_value=-0.048037467249610694 -0.0044280806292451508 -0.069794634673528408 0.028492560271981202 0.042875041263387918
leaf_weight=2.5135095100849867 5.7238584980368596 2.6148286480456608 4.5819049160927534 4.3764730170369148
leaf_count=24 31 20 33 23
internal_value=-0.000524855 -0.0177847 0.00138224 0.0160684
internal_weight=19.8106 9.71024 7.09541 10.1003
internal_count=131 77 57 54
is_linear=0
shrinkage=0.1


Tree=42
num_leaves=5
num_cat=0
split_feature=2 6 3 6
split_gain=0.604775 0.698066 1.37544 0.614004
threshold=-94.824867980782145 113.86635806516664 0.0099209140398901757 196.88198453097365
decision_type=2 2 2 2
left_child=-1 -2 3 -3
right_child=1 2 -4 -5
leaf_value=0.040125302101947202 0.02941556717964346 -0.021599779829430607 0.012551276575056287 -0.084449504698648384
leaf_weight=3.0904727727174786 3.8306281827390221 3.1124646347016078 6.6024701073765755 3.1051712278276682
leaf_count=21 26 24 37 23
internal_value=-0.000501643 -0.00804224 -0.0192346 -0.0529878
internal_weight=19.7412 16.6507 12.8201 6.21764
internal_count=131 110 84 47
is_linear=0
shrinkage=0.1


Tree=43
num_leaves=5
num_cat=0
split_feature=1 3 6 0
split_gain=0.599692 0.903489 1.72841 1.17978
threshold=94351.150194343601 0.0066971852087058222 231.10236333705225 50.056750783829365
decision_type=2 2 2 2
left_child=-1 -2 3 -3
right_child=1 2 -4 -5
leaf_value=0.035987055198151957 0.032394416956582128 -0.10095848065951007 0.028453302620171178 -0.020374114317713715
leaf_weight=3.667719408869746 3.9889636561274555 2.9153925050050002 4.2806985806673765 4.8211131747812033
leaf_count=18 24 27 29 33
internal_value=-0.00048536 -0.0088428 -0.022531 -0.0507412
internal_weight=19.6739 16.0062 12.0172 7.73651
internal_count=131 113 89 60
is_linear=0
shrinkage=0.1


Tree=44
num_leaves=5
num_cat=0
split_feature=0 4 4 5
split_gain=0.615296 1.55092 1.4499 1.42912
threshold=52.479992674999927 0.0022754462155016868 -0.00092161753851743844 0.19047854426525138
decision_type=2 2 2 2
left_child=2 3 -1 -2
right_child=1 -3 -4 -5
leaf_value=-0.032301480297474872 -0.032656335073276983 -0.078259803554552532 0.047772788210964229 0.058602075610697218
leaf_weight=3.6334510911256075 3.8573012240231019 2.9832412134855986 5.9877004381269234 3.0912369936704636
leaf_count=26 32 21 37 15
internal_value=-0.000490821 -0.0179505 0.0175325 0.00794233
internal_weight=19.5529 9.93178 9.62115 6.94854
internal_count=131 68 63 47
is_linear=0
shrinkage=0.1


Tree=45
num_leaves=5
num_cat=0
split_feature=2 1 5 5
split_gain=0.531588 0.651934 0.799909 0.778961
threshold=-94.824867980782145 95578.944798061188 -0.07964111119934246 0.4994011606652195
decision_type=2 2 2 2
left_child=-1 2 -2 -4
right_child=1 -3 3 -5
leaf_value=0.037867411784520827 0.030882506498310265 -0.050321232990093112 -0.053491946381780814 0.0096754931771009384
leaf_weight=3.0465108361095217 5.5268653985112941 2.9349814280867568 3.5473517403006536 4.341478668153286
leaf_count=21 37 30 19 24
internal_value=-0.000484284 -0.0076301 0.00170954 -0.0187289
internal_weight=19.3972 16.3507 13.4157 7.88883
internal_count=131 110 80 43
is_linear=0
shrinkage=0.1


Tree=46
num_leaves=5
num_cat=0
split_feature=4 0 0 4
split_gain=0.540772 0.980141 1.48329 1.02673
threshold=0.0022754462155016868 51.089815054408561 57.332707840723863 -0.00092161753851743844
decision_type=2 2 2 2
left_child=1 3 -3 -1
right_child=-2 2 -4 -5
leaf_value=-0.061780741507561132 -0.028547659562683715 0.080574660857194058 -0.0056999707506825955 0.01961368016367452
leaf_weight=3.049173928797245 5.0612347703427067 3.5721881538629514 4.5071587935090065 3.1516069564968374
leaf_count=23 33 22 31 22
internal_value=-0.000460921 0.00949372 0.0324453 -0.0204112
internal_weight=19.3414 14.2801 8.07935 6.20078
internal_count=131 98 53 45
is_linear=0
shrinkage=0.1


Tree=47
num_leaves=5
num_cat=0
split_feature=5 6 6 6
split_gain=0.56301 0.843204 0.889902 0.521456
threshold=0.15998825774450168 135.96556227185931 192.25197918069264 174.8297716772436
decision_type=2 2 2 2
left_child=1 -1 -3 -2
right_child=3 2 -4 -5
leaf_value=-0.060374891351847253 -0.016168601064351938 0.04724489088005631 -0.029169591687395705 0.032491181997205798
leaf_weight=3.1289713233709353 3.3107440173625928 2.6461069509387016 3.5939536523073912 6.577970027923584
leaf_count=30 21 17 30 33
internal_value=-0.000443173 -0.0180094 0.00323408 0.0161999
internal_weight=19.2577 9.36903 6.24006 9.88871
internal_count=131 77 47 54
is_linear=0
shrinkage=0.1


Tree=48
num_leaves=5
num_cat=0
split_feature=4 0 0 4
split_gain=0.490635 0.835067 1.12709 0.896055
threshold=0.0022754462155016868 51.089815054408561 57.332707840723863 -0.00092161753851743844
decision_type=2 2 2 2
left_child=1 3 -3 -1
right_child=-2 2 -4 -5
leaf_value=-0.05828037600005094 -0.027306399697058399 0.071821964885286263 -0.0034534845787488055 0.018373598242532423
leaf_weight=2.959673585370183 5.013372626155614 3.6030535511672479 4.4404740668833256 3.1459428947418955
leaf_count=23 33 22 31 22
internal_value=-0.000424917 0.00909982 0.0302657 -0.0187841
internal_weight=19.1625 14.1491 8.04353 6.10562
internal_count=131 98 53 45
is_linear=0
shrinkage=0.1


Tree=49
num_leaves=5
num_cat=0
split_feature=0 4 5 4
split_gain=0.512151 1.17361 1.03252 0.925432
threshold=52.479992674999927 0.0022754462155016868 0.19047854426525138 -0.00043060423853957802
decision_type=2 2 2 2
left_child=3 2 -2 -1
right_child=1 -3 -4 -5
leaf_value=-0.020697812396651721 -0.02977636275017298 -0.071146602077568927 0.048112270011798283 0.042830539358315795
leaf_weight=3.9490404203534126 3.7388922590762359 2.7995594888925552 3.1240502148866653 5.4681139476597327
leaf_count=29 32 21 15 34
internal_value=-0.000405607 -0.01658 0.00567898 0.0161902
internal_weight=19.0797 9.6625 6.86294 9.41715
internal_count=131 68 47 63
is_linear=0
shrinkage=0.1


Tree=50
num_leaves=5
num_cat=0
split_feature=3 3 2 6
split_gain=0.539685 1.39208 1.15247 0.981665
threshold=0.0099209140398901757 0.0073055645674003902 -52.043416354274306 231.10236333705225
decision_type=2 2 2 2
left_child=1 2 -1 -2
right_child=3 -3 -4 -5
leaf_value=0.052091860450449425 -0.010811343297712214 -0.070629052722970265 -0.029434323943516034 0.056914210664214648
leaf_weight=3.2828729022294283 5.0712086595594865 3.2038046326488256 3.6750154439359921 3.7030123434960842
leaf_count=20 31 30 28 22
internal_value=-0.000396858 -0.0160842 0.00903138 0.0177711
internal_weight=18.9359 10.1617 6.95789 8.77422
internal_count=131 78 48 53
is_linear=0
shrinkage=0.1


Tree=51
num_leaves=5
num_cat=0
split_feature=5 5 4 1
split_gain=0.490465 0.69467 0.696703 0.49277
threshold=0.15998825774450168 -0.1113817072338079 0.00060167486500395395 94765.32075571474
decision_type=2 2 2 2
left_child=1 2 -1 -2
right_child=3 -3 -4 -5
leaf_value=-0.032223173974323283 0.034502613438628274 -0.064443597249852838 0.031841234380043347 -0.011078215102071836
leaf_weight=3.4793262593448162 5.6085330843925458 2.3103220649063605 3.314726360142231 4.109833437949419
leaf_count=33 28 20 24 26
internal_value=-0.000397179 -0.0170748 -0.000967016 0.0152268
internal_weight=18.8227 9.10437 6.79405 9.71837
internal_count=131 77 57 54
is_linear=0
shrinkage=0.1


Tree=52
num_leaves=5
num_cat=0
split_feature=4 3 3 1
split_gain=0.456078 0.82871 1.51288 0.71085
threshold=0.0022754462155016868 0.011427582888573526 0.0084924794074843855 94796.135578800851
decision_type=2 2 2 2
left_child=1 2 3 -1
right_child=-2 -3 -4 -5
leaf_value=0.062139864277859641 -0.026490671593846049 0.051506016808953559 -0.052395848170256658 -0.0053552509596959752
leaf_weight=2.8895187266170996 4.9299887977540484 3.4360848218202582 4.1007640454918146 3.3922788240015507
leaf_count=17 33 24 29 28
internal_value=-0.000378421 0.00893748 -0.00515048 0.0256913
internal_weight=18.7486 13.8186 10.3826 6.2818
internal_count=131 98 74 45
is_linear=0
shrinkage=0.1


Tree=53
num_leaves=5
num_cat=0
split_feature=2 3 6 5
split_gain=0.483999 0.678985 1.39204 0.547089
threshold=-94.824867980782145 0.0099209140398901757 196.88198453097365 -0.042826758173017336
decision_type=2 2 2 2
left_child=-1 2 -2 -3
right_child=1 3 -4 -5
leaf_value=0.036742119968189858 0.0042256764357363179 0.044715398736480561 -0.083622630785243401 -0.0084526610890978768
leaf_weight=2.9592509977519539 4.8376327399164429 3.244249552488327 2.8762453980743885 4.7968929037451726
leaf_count=21 38 23 23 26
internal_value=-0.000364769 -0.00733452 -0.02853 0.0129983
internal_weight=18.7143 15.755 7.71388 8.04114
internal_count=131 110 61 49
is_linear=0
shrinkage=0.1


Tree=54
num_leaves=5
num_cat=0
split_feature=5 6 6 6
split_gain=0.482107 0.662175 0.638584 0.450617
threshold=0.15998825774450168 135.96556227185931 192.25197918069264 174.8297716772436
decision_type=2 2 2 2
left_child=1 -1 -3 -2
right_child=3 2 -4 -5
leaf_value=-0.055747748751813035 -0.015668563488224353 0.03880019634889674 -0.026666648590093392 0.030323089715636881
leaf_weight=2.9600098747760075 3.1761195436120016 2.6480426713824272 3.4069099565967917 6.4700318649411201
leaf_count=30 21 17 30 33
internal_value=-0.000358717 -0.0169851 0.00196429 0.0151797
internal_weight=18.6611 9.01496 6.05495 9.64615
internal_count=131 77 47 54
is_linear=0
shrinkage=0.1


Tree=55
num_leaves=5
num_cat=0
split_feature=1 5 2 1
split_gain=0.467601 0.666201 1.06949 1.33953
threshold=94351.150194343601 -0.19647092258978163 -42.396168227776947 94648.181266962842
decision_type=2 2 2 2
left_child=-1 -2 -3 -4
right_child=1 2 3 -5
leaf_value=0.032815512855780042 -0.047356688486981387 0.046789493721927124 -0.06857771498175172 0.015418447045414473
leaf_weight=3.4602314531803158 3.3397477027028826 3.8133879005908966 3.1296448931097931 4.8267294466495514
leaf_count=18 37 23 17 36
internal_value=-0.000343939 -0.00793779 0.00324758 -0.0176215
internal_weight=18.5697 15.1095 11.7698 7.95637
internal_count=131 113 76 53
is_linear=0
shrinkage=0.1


Tree=56
num_leaves=6
num_cat=0
split_feature=1 3 4 0 6
split_gain=0.466749 1.18791 0.544339 1.36332 0.544131
threshold=95578.944798061188 0.0070421706365972588 0.0010871395646895323 51.089815054408561 196.88198453097365
decision_type=2 2 2 2 2
left_child=2 -2 3 -1 -4
right_child=1 -3 4 -5 -6
leaf_value=-0.014842699951112984 0.026185840967153391 -0.078226551861715204 0.01885016588991564 0.070392235025677347 -0.03892872959594889
leaf_weight=3.8302696477621812 2.0660702269524327 2.3055577930063009 3.0038421675562859 3.679003894329071 3.5635188482701778
leaf_count=26 15 29 17 21 23
internal_value=-0.000337843 -0.0288803 0.00852629 0.0269163 -0.0125013
internal_weight=18.4483 4.37163 14.0766 7.50927 6.56736
internal_count=131 44 87 47 40
is_linear=0
shrinkage=0.1


Tree=57
num_leaves=5
num_cat=0
split_feature=3 3 3 2
split_gain=0.405335 1.04613 0.962947 1.31676
threshold=0.0099209140398901757 0.011223634701412384 0.0073055645674003902 -63.755335164879703
decision_type=2 2 2 2
left_child=2 -2 3 -1
right_child=1 -3 -4 -5
leaf_value=0.060156118678615228 0.057638910962520142 -0.013223625703135648 -0.062862611738626159 -0.029775006558379426
leaf_weight=2.7105703633278608 3.4925297200679761 5.1631019674241543 2.8809633273631334 4.07699152082205
leaf_count=17 18 35 30 31
internal_value=-0.000349771 0.0153693 -0.014422 0.00613843
internal_weight=18.3242 8.65563 9.66853 6.78756
internal_count=131 53 78 48
is_linear=0
shrinkage=0.1


Tree=58
num_leaves=5
num_cat=0
split_feature=1 4 4 6
split_gain=0.390382 1.25397 1.19848 1.06501
threshold=94416.78767701333 0.0019924225915741727 -0.00043060423853957802 196.88198453097365
decision_type=2 2 2 2
left_child=-1 2 3 -2
right_child=1 -3 -4 -5
leaf_value=0.021913779650980514 -0.077844244615428423 -0.069491935031600324 0.040599490959436942 0.016208548777558493
leaf_weight=5.4961753115057972 2.3201153539121151 2.7684486694633952 5.0689879152923805 2.5026164622977376
leaf_count=30 24 23 37 17
internal_value=-0.000340839 -0.0100023 0.00664743 -0.0290383
internal_weight=18.1563 12.6602 9.89172 4.82273
internal_count=131 101 78 41
is_linear=0
shrinkage=0.1


Tree=59
num_leaves=5
num_cat=0
split_feature=5 4 1 1
split_gain=0.428612 0.585528 1.28933 0.42137
threshold=0.15998825774450168 0.00060167486500395395 94796.135578800851 94765.32075571474
decision_type=2 2 2 2
left_child=1 2 -1 -2
right_child=3 -3 -4 -5
leaf_value=-0.10084926232435468 0.032537002989663097 0.007239956652718745 0.01393516038274281 -0.010511929041757451
leaf_weight=2.0111808031797431 5.426298648118971 4.7446605768054724 1.9059741031378505 3.9136206433176994
leaf_count=17 28 36 24 26
internal_value=-0.000361027 -0.016384 -0.0449985 0.0144986
internal_weight=18.0017 8.66182 3.91715 9.33992
internal_count=131 77 41 54
is_linear=0
shrinkage=0.1


Tree=60
num_leaves=5
num_cat=0
split_feature=1 3 1 0
split_gain=0.377714 0.929943 0.6108 1.4691
threshold=95578.944798061188 0.0070421706365972588 94648.181266962842 52.479992674999927
decision_type=2 2 2 2
left_child=2 -2 3 -1
right_child=1 -3 -4 -5
leaf_value=0.030447809897478802 0.021444689958545485 -0.073109680499955462 0.034739492522313328 -0.05237995504274108
leaf_weight=4.5267594121396559 2.0404221545904866 2.1217375695705414 5.1808659061789504 4.0638086684048176
leaf_count=27 15 29 36 24
internal_value=-0.000357702 -0.0267561 0.00762073 -0.00873425
internal_weight=17.9336 4.16216 13.7714 8.59057
internal_count=131 44 87 51
is_linear=0
shrinkage=0.1


Tree=61
num_leaves=4
num_cat=0
split_feature=6 6 3
split_gain=0.420438 1.34797 0.957741
threshold=113.86635806516664 160.38774921419773 0.0099209140398901757
decision_type=2 2 2
left_child=-1 -2 -3
right_child=1 2 -4
leaf_value=0.030293851115532185 -0.066448391184363437 -0.021904407295308306 0.036690942406717948
leaf_weight=3.5767538901418474 3.0948229134082785 5.440951941534875 5.7241083569824696
leaf_count=30 27 40 34
internal_value=-0.000361629 -0.00805083 0.00813628
internal_weight=17.8366 14.2599 11.1651
internal_count=131 101 74
is_linear=0
shrinkage=0.1


Tree=62
num_leaves=5
num_cat=0
split_feature=4 0 0 3
split_gain=0.401013 0.865974 0.853905 0.593131
threshold=0.0022754462155016868 51.089815054408561 57.332707840723863 0.0072583891554306749
decision_type=2 2 2 2
left_child=1 3 -3 -1
right_child=-2 2 -4 -5
leaf_value=0.0082357615178745291 -0.02528635091987725 0.067933928278808564 0.00032033471591545775 -0.057775602419416983
leaf_weight=3.0224636644125003 4.7329345718026152 3.3898744396865368 4.1600924134254456 2.4764437647536397
leaf_count=20 33 22 31 25
internal_value=-0.000351161 0.00869304 0.0306783 -0.0214926
internal_weight=17.7818 13.0489 7.54997 5.49891
internal_count=131 98 53 45
is_linear=0
shrinkage=0.1


Tree=63
num_leaves=5
num_cat=0
split_feature=2 2 4 0
split_gain=0.390479 0.738469 1.57791 1.16751
threshold=-94.824867980782145 7.7664783355143934 -0.00019268036201341984 58.557801408035907
decision_type=2 2 2 2
left_child=-1 2 -2 -3
right_child=1 3 -4 -5
leaf_value=0.034459084534281842 -0.083714427517030399 0.063278762306535785 0.010119160981242941 -0.01664832793594348
leaf_weight=2.729078026488426 3.0887222923338422 3.0337696373462677 4.2691148575395319 4.5965659879148006
leaf_count=21 26 20 32 32
internal_value=-0.000331946 -0.00666677 -0.0292709 0.0151301
internal_weight=17.7173 14.9882 7.35784 7.63034
internal_count=131 110 58 52
is_linear=0
shrinkage=0.1


Tree=64
num_leaves=5
num_cat=0
split_feature=4 0 3 4
split_gain=0.369194 0.708075 0.893783 0.578635
threshold=0.0022754462155016868 51.089815054408561 0.010855277440441168 -0.00092161753851743844
decision_type=2 2 2 2
left_child=1 3 -3 -1
right_child=-2 2 -4 -5
leaf_value=-0.053912250297138246 -0.024370553600097388 -0.00022396158073483647 0.06991109864451571 0.011627444100196503
leaf_weight=2.5464505683630705 4.6897977832704774 4.486753311008215 3.0537063144147396 2.8600992653518933
leaf_count=23 33 31 22 22
internal_value=-0.000331075 0.00837675 0.0281791 -0.0192413
internal_weight=17.6368 12.947 7.54046 5.40655
internal_count=131 98 53 45
is_linear=0
shrinkage=0.1


Tree=65
num_leaves=5
num_cat=0
split_feature=5 4 0 1
split_gain=0.401303 0.528507 0.422485 0.27396
threshold=0.15998825774450168 0.00060167486500395395 54.04844358349628 94889.748471881481
decision_type=2 2 2 2
left_child=1 3 -2 -1
right_child=2 -3 -4 -5
leaf_value=-0.06755918389140389 -0.0051863215875771898 0.0065686895238961686 0.038014838163790365 -0.013498748377175971
leaf_weight=2.1230968553572915 5.0473796501755697 4.6534993071109056 4.1045713312923908 1.6785172326490281
leaf_count=18 31 36 23 23
internal_value=-0.000321911 -0.0160288 0.014189 -0.04369
internal_weight=17.6071 8.45511 9.15195 3.80161
internal_count=131 77 54 41
is_linear=0
shrinkage=0.1


Tree=66
num_leaves=6
num_cat=0
split_feature=2 6 2 0 2
split_gain=0.387356 0.598747 0.873898 0.482019 0.455365
threshold=-94.824867980782145 113.86635806516664 7.7664783355143934 63.17097496265071 -36.654748506704117
decision_type=2 2 2 2 2
left_child=-1 -2 4 -4 -3
right_child=1 2 3 -5 -6
leaf_value=0.034362181747771038 0.030020351970385883 -0.01668307749823628 0.038007499507316862 -0.018722072081199945 -0.074729609749435696
leaf_weight=2.7230491060763624 3.4218173734843722 2.6047685435041785 2.8909558253362775 3.1079796627163887 2.8088141344487649
leaf_count=21 26 18 22 18 26
internal_value=-0.000306019 -0.00666985 -0.0176707 0.00861656 -0.0468003
internal_weight=17.5574 14.8343 11.4125 5.99894 5.41358
internal_count=131 110 84 40 44
is_linear=0
shrinkage=0.1


Tree=67
num_leaves=5
num_cat=0
split_feature=1 3 1 0
split_gain=0.357641 0.887945 0.557038 1.35949
threshold=95578.944798061188 0.0070421706365972588 94648.181266962842 52.479992674999927
decision_type=2 2 2 2
left_child=2 -2 3 -1
right_child=1 -3 -4 -5
leaf_value=0.029975131206930235 0.021102933435806312 -0.072415499102734954 0.033779190056358675 -0.050743587057909691
leaf_weight=4.4040940403938311 2.002856438048183 2.0590945715084672 5.0533266719430676 3.9650967195630074
leaf_count=27 15 29 36 24
internal_value=-0.000305235 -0.0263037 0.00756247 -0.00826722
internal_weight=17.4845 4.06195 13.4225 8.36919
internal_count=131 44 87 51
is_linear=0
shrinkage=0.1


Tree=68
num_leaves=5
num_cat=0
split_feature=1 4 4 0
split_gain=0.368822 0.590786 0.755113 1.58736
threshold=94351.150194343601 0.0019924225915741727 -0.00019268036201341984 50.056750783829365
decision_type=2 2 2 2
left_child=-1 2 3 -2
right_child=1 -3 -4 -5
leaf_value=0.029844881410352027 -0.07865259147150537 -0.042883271853394626 0.035646970676385933 0.024709072813357491
leaf_weight=3.2884578630328205 2.549393467605114 3.5125733921304336 4.4765715207904559 3.5613217065110803
leaf_count=18 24 28 34 27
internal_value=-0.000312292 -0.00734574 0.00444465 -0.0184135
internal_weight=17.3883 14.0999 10.5873 6.11072
internal_count=131 113 85 51
is_linear=0
shrinkage=0.1


Tree=69
num_leaves=5
num_cat=0
split_feature=5 6 2 2
split_gain=0.415937 0.543416 0.555577 0.354173
threshold=0.15998825774450168 135.96556227185931 4.5080591801093997 -30.627888205959334
decision_type=2 2 2 2
left_child=1 -1 -3 -2
right_child=3 2 -4 -5
leaf_value=-0.053084813746910778 0.040714665923006557 -0.027172735559255801 0.036153931065391484 -0.00050943736186134
leaf_weight=2.7209354313090461 3.2919366806745529 3.0706305000931025 2.5242691235616803 5.6799834221601468
leaf_count=30 21 26 21 33
internal_value=-0.000316931 -0.0164284 0.00139856 0.0146163
internal_weight=17.2878 8.31584 5.5949 8.97192
internal_count=131 77 47 54
is_linear=0
shrinkage=0.1


Tree=70
num_leaves=5
num_cat=0
split_feature=2 6 3 6
split_gain=0.352345 0.559783 0.94685 0.499766
threshold=-94.824867980782145 113.86635806516664 0.0099209140398901757 196.88198453097365
decision_type=2 2 2 2
left_child=-1 -2 3 -3
right_child=1 2 -4 -5
leaf_value=0.033264864473603238 0.029360006633843423 -0.016862451784457944 0.0099554449513553599 -0.078797622486251884
leaf_weight=2.6467466745525625 3.36730614863336 2.5659341020509583 5.99889225512743 2.646683506667614
leaf_count=21 26 24 37 23
internal_value=-0.000301347 -0.00639521 -0.0171341 -0.0483098
internal_weight=17.2256 14.5788 11.2115 5.21262
internal_count=131 110 84 47
is_linear=0
shrinkage=0.1


Tree=71
num_leaves=6
num_cat=0
split_feature=3 1 5 5 3
split_gain=0.37656 1.20023 1.37193 0.556386 0.296271
threshold=0.010743533181080981 94796.135578800851 0.22234560891167701 -0.036809771778611049 0.0066736545490707943
decision_type=2 2 2 2 2
left_child=1 2 -1 -2 -3
right_child=3 4 -4 -5 -6
leaf_value=-0.011305543697434259 0.010601594314344653 -0.0041076930542767306 0.079986679438403804 -0.047629905744348083 -0.058679381050267293
leaf_weight=3.0810028109699505 3.2153319120407104 1.9450921043753626 3.5346144884824753 3.3507326692342749 2.0363666163757443
leaf_count=26 24 14 20 20 27
internal_value=-0.000297169 0.0113623 0.0374704 -0.0191146 -0.0320191
internal_weight=17.1631 10.5971 6.61562 6.56606 3.98146
internal_count=131 87 46 44 41
is_linear=0
shrinkage=0.1


Tree=72
num_leaves=5
num_cat=0
split_feature=2 6 1 4
split_gain=0.323356 0.425065 0.733844 1.13056
threshold=-98.014560563229949 113.86635806516664 94416.78767701333 0.00013058645277030936
decision_type=2 2 2 2
left_child=-1 -2 -3 -4
right_child=1 2 3 -5
leaf_value=0.036092670464484007 0.025737703830029393 0.02000733022274153 0.0064878895380739085 -0.070881810755105898
leaf_weight=2.1369464527815607 3.3728904724121085 4.0032592825591546 3.7054967223666608 3.8519752277061343
leaf_count=18 26 24 30 33
internal_value=-0.000290619 -0.00549693 -0.0146098 -0.0329467
internal_weight=17.0706 14.9336 11.5607 7.55747
internal_count=131 113 87 63
is_linear=0
shrinkage=0.1


Tree=73
num_leaves=5
num_cat=0
split_feature=5 6 2 0
split_gain=0.327732 0.498739 0.503256 0.417977
threshold=0.15998825774450168 135.96556227185931 4.5080591801093997 54.04844358349628
decision_type=2 2 2 2
left_child=1 -1 -3 -2
right_child=3 2 -4 -5
leaf_value=-0.050473094954934683 -0.0066546940092126194 -0.025138511542181774 0.035477332291344171 0.037114107640440201
leaf_weight=2.6407998176291603 4.8387407474219781 3.0194810372777283 2.5067770490422845 3.9735687300562859
leaf_count=30 31 26 21 23
internal_value=-0.000293634 -0.0147251 0.00235756 0.0130811
internal_weight=16.9794 8.16706 5.52626 8.81231
internal_count=131 77 47 54
is_linear=0
shrinkage=0.1


Tree=74
num_leaves=6
num_cat=0
split_feature=3 1 5 5 3
split_gain=0.306892 0.981259 1.06848 0.469603 0.265923
threshold=0.010743533181080981 94796.135578800851 0.22234560891167701 -0.036809771778611049 0.0066736545490707943
decision_type=2 2 2 2 2
left_child=1 2 -1 -2 -3
right_child=3 4 -4 -5 -6
leaf_value=-0.0094683639224559697 0.0097701532475485287 -0.0028504646955232115 0.071611107528555193 -0.043922771206405295 -0.055147881853229823
leaf_weight=3.0298355203121918 3.2302074991166592 1.9147238656878474 3.5062299892306328 3.2858988009393206 1.9753759070299564
leaf_count=26 24 14 20 20 27
internal_value=-0.000281213 0.0103587 0.0340262 -0.0173058 -0.0294069
internal_weight=16.9423 10.4262 6.53607 6.51611 3.8901
internal_count=131 87 46 44 41
is_linear=0
shrinkage=0.1


Tree=75
num_leaves=5
num_cat=0
split_feature=2 6 3 6
split_gain=0.339967 0.678117 1.09057 1.1687
threshold=-84.01505769364816 113.86635806516664 0.0099209140398901757 196.88198453097365
decision_type=2 2 2 2
left_child=-1 -2 3 -3
right_child=1 2 -4 -5
leaf_value=0.028871528734547521 0.033593447365216002 -0.0057322122468070865 0.0090675974960814972 -0.1066573741079011
leaf_weight=3.2344863759353784 3.1372169628739348 2.305983627215026 5.8918377496302128 2.2836215849965811
leaf_count=27 23 22 37 22
internal_value=-0.000272006 -0.00719371 -0.0194018 -0.0559489
internal_weight=16.8531 13.6187 10.4814 4.58961
internal_count=131 104 81 44
is_linear=0
shrinkage=0.1


Tree=76
num_leaves=5
num_cat=0
split_feature=6 6 4 3
split_gain=0.34944 0.952729 0.572812 0.798541
threshold=160.38774921419773 113.86635806516664 0.0022754462155016868 0.0098289087796204679
decision_type=2 2 2 2
left_child=1 -1 3 -2
right_child=2 -3 -4 -5
leaf_value=0.015777137352349004 -0.0010904188547290891 -0.062449769366967549 -0.019404162416058288 0.069445583670970798
leaf_weight=3.5145570505410459 3.7672701342962664 2.7950428826734424 3.9061299553140998 2.7963551804423332
leaf_count=30 28 27 26 20
internal_value=-0.000286584 -0.018876 0.0109163 0.0289606
internal_weight=16.7794 6.3096 10.4698 6.56363
internal_count=131 57 74 48
is_linear=0
shrinkage=0.1


Tree=77
num_leaves=6
num_cat=0
split_feature=3 1 0 3 5
split_gain=0.357107 0.916935 0.627852 0.992292 0.492403
threshold=0.010743533181080981 94416.78767701333 54.574758670909667 0.0066971852087058222 -0.042826758173017336
decision_type=2 2 2 2 2
left_child=1 -1 3 -3 -2
right_child=4 2 -4 -5 -6
leaf_value=0.061205497616912165 0.010059091093299976 0.020837626611910118 0.038124072348557907 -0.066000976624209784 -0.045012909821844721
leaf_weight=2.712974429130556 3.1208938844501972 2.4736763685941696 2.2093708803877234 2.8113953741267323 3.3838409893214694
leaf_count=14 23 16 22 35 21
internal_value=-0.000278438 0.0113907 -0.00664213 -0.0253562 -0.01859
internal_weight=16.7122 10.2074 7.49444 5.28507 6.50473
internal_count=131 87 73 51 44
is_linear=0
shrinkage=0.1


Tree=78
num_leaves=6
num_cat=0
split_feature=2 4 0 0 1
split_gain=0.356103 0.450897 1.52807 0.754298 0.752785
threshold=-94.824867980782145 -0.00019268036201341984 51.62424337468979 52.479992674999927 94648.181266962842
decision_type=2 2 2 2 2
left_child=-1 2 -2 -3 -5
right_child=1 3 -4 4 -6
leaf_value=0.034012013950951679 -0.099093834883501208 0.047357671093537002 0.016045325707338097 -0.047492850697926747 0.021842402447421597
leaf_weight=2.561240870505574 1.9659390547312821 3.0181915275752491 2.7862788690254092 3.1934387618675828 3.0724749304354191
leaf_count=21 20 20 22 20 28
internal_value=-0.000277961 -0.00653493 -0.0315864 0.00628809 -0.0134945
internal_weight=16.5976 14.0363 4.75222 9.28411 6.26591
internal_count=131 110 42 68 48
is_linear=0
shrinkage=0.1


Tree=79
num_leaves=5
num_cat=0
split_feature=4 4 6 2
split_gain=0.318967 0.767571 1.29993 0.476795
threshold=0.0014453574267642157 0.00060167486500395395 174.8297716772436 15.144997672935114
decision_type=2 2 2 2
left_child=1 2 -1 -2
right_child=3 -3 -4 -5
leaf_value=-0.048072764369478237 -0.048240556333157283 0.059564928779423466 0.031252157455611398 0.0094037633441279838
leaf_weight=3.7602910017594713 2.8607451608404508 2.411040984094142 4.5845310450531542 2.8788695558905602
leaf_count=37 26 15 34 19
internal_value=-0.000291555 0.00986647 -0.00449274 -0.0193274
internal_weight=16.4955 10.7559 8.34482 5.73961
internal_count=131 86 71 45
is_linear=0
shrinkage=0.1


Tree=80
num_leaves=5
num_cat=0
split_feature=2 6 2 1
split_gain=0.318787 0.550493 1.02477 0.621444
threshold=-84.01505769364816 113.86635806516664 -4.2738440540700813 94648.181266962842
decision_type=2 2 2 2
left_child=-1 -2 -3 -4
right_child=1 2 3 -5
leaf_value=0.028201444596847026 0.030062502480689209 -0.062705397827697698 -0.023971406896855271 0.037070504987770779
leaf_weight=3.1681637512519982 3.0589951872825614 3.4399302951060236 3.5839864229783398 3.1194359753280878
leaf_count=27 23 32 24 25
internal_value=-0.000285176 -0.0071211 -0.0183348 0.00443443
internal_weight=16.3705 13.2023 10.1434 6.70342
internal_count=131 104 81 49
is_linear=0
shrinkage=0.1


Tree=81
num_leaves=5
num_cat=0
split_feature=5 6 0 1
split_gain=0.319746 0.479227 0.448801 0.371306
threshold=0.15998825774450168 135.96556227185931 51.089815054408561 94648.181266962842
decision_type=2 2 2 2
left_child=1 -1 -3 -2
right_child=3 2 -4 -5
leaf_value=-0.050766304342247208 -0.0087094750220645823 -0.031609330826596498 0.026598028828176686 0.033329828843201334
leaf_weight=2.514068438671532 4.0135932974517328 2.291355240624398 3.1397256664931774 4.4088483937084675
leaf_count=30 22 20 27 32
internal_value=-0.000278464 -0.014669 0.00204053 0.0132966
internal_weight=16.3676 7.94515 5.43108 8.42244
internal_count=131 77 47 54
is_linear=0
shrinkage=0.1


Tree=82
num_leaves=6
num_cat=0
split_feature=0 1 1 4 2
split_gain=0.33025 0.640052 0.970199 0.606637 0.310691
threshold=52.479992674999927 94648.181266962842 95578.944798061188 -0.0012888545270431926 -52.043416354274306
decision_type=2 2 2 2 2
left_child=3 -2 -3 -1 -5
right_child=1 2 -4 4 -6
leaf_value=-0.027980662624304799 -0.045260441127096429 0.050907857471259893 -0.03871169439242178 0.011595039008368752 0.05965101500600048
leaf_weight=2.3381915837526321 3.6870093895122391 2.6446130499243736 2.2236574795097113 3.0335441501811147 2.4174744933843639
leaf_count=23 24 18 26 24 16
internal_value=-0.000267424 -0.0138307 0.00997275 0.0146298 0.0329074
internal_weight=16.3445 8.55528 4.86827 7.78921 5.45102
internal_count=131 68 44 63 40
is_linear=0
shrinkage=0.1


Tree=83
num_leaves=5
num_cat=0
split_feature=1 5 2 1
split_gain=0.301363 0.522874 0.900147 0.864779
threshold=94351.150194343601 -0.19647092258978163 -42.396168227776947 94648.181266962842
decision_type=2 2 2 2
left_child=-1 -2 -3 -4
right_child=1 2 3 -5
leaf_value=0.027957407970356986 -0.043887910422914546 0.047572898065323693 -0.060916678577487754 0.011332770663218607
leaf_weight=3.0705208107829121 2.9544474538415697 3.2274464443325996 2.6786645185202307 4.3421633765101433
leaf_count=18 37 23 17 36
internal_value=-0.000261063 -0.00682376 0.00386137 -0.0162326
internal_weight=16.2732 13.2027 10.2483 7.02083
internal_count=131 113 76 53
is_linear=0
shrinkage=0.1


Tree=84
num_leaves=5
num_cat=0
split_feature=1 4 3 5
split_gain=0.268369 0.756085 0.697626 0.680004
threshold=94828.026220582004 0.00013058645277030936 0.010743533181080981 0.4994011606652195
decision_type=2 2 2 2
left_child=2 -2 3 -1
right_child=1 -3 -4 -5
leaf_value=0.0032420027128842559 0.01375697153710099 -0.063015442701179689 -0.023316248984114954 0.068507043649550362
leaf_weight=4.0964184282347578 3.0222035706974557 2.2288712514564395 4.1926176100969315 2.6158720254898071
leaf_count=32 31 25 26 17
internal_value=-0.000256673 -0.0188298 0.00868693 0.0286767
internal_weight=16.156 5.25107 10.9049 6.71229
internal_count=131 56 75 49
is_linear=0
shrinkage=0.1


Tree=85
num_leaves=5
num_cat=0
split_feature=3 3 3 2
split_gain=0.301645 0.821424 0.795989 0.737356
threshold=0.0099209140398901757 0.011223634701412384 0.0073055645674003902 -52.043416354274306
decision_type=2 2 2 2
left_child=2 -2 3 -1
right_child=1 -3 -4 -5
leaf_value=0.043650537314418786 0.054046695229172707 -0.012249524856393719 -0.061186942829661278 -0.027862929375785592
leaf_weight=2.7903013676404962 3.0783101394772521 4.7570143230259418 2.4645404508337379 2.9833035068586478
leaf_count=20 18 35 30 28
internal_value=-0.000250213 0.0137967 -0.0136102 0.00669852
internal_weight=16.0735 7.83532 8.23815 5.7736
internal_count=131 53 78 48
is_linear=0
shrinkage=0.1


Tree=86
num_leaves=5
num_cat=0
split_feature=4 0 3 3
split_gain=0.29508 0.641304 0.648952 0.454839
threshold=0.0022754462155016868 51.089815054408561 0.010855277440441168 0.0072583891554306749
decision_type=2 2 2 2
left_child=1 3 -3 -1
right_child=-2 2 -4 -5
leaf_value=0.0072753425786107433 -0.022758736549009971 0.00068888353307321182 0.061954134430211451 -0.055883349088641315
leaf_weight=2.5442589186131936 4.2639108318835506 4.0382156306877732 3.0234341993927956 2.0662159295752645
leaf_count=20 33 31 22 25
internal_value=-0.000244843 0.00797964 0.0269195 -0.0210297
internal_weight=15.936 11.6721 7.06165 4.61047
internal_count=131 98 53 45
is_linear=0
shrinkage=0.1


Tree=87
num_leaves=5
num_cat=0
split_feature=1 4 4 0
split_gain=0.259851 0.451935 0.64979 1.17549
threshold=94351.150194343601 0.0019924225915741727 -0.00019268036201341984 50.056750783829365
decision_type=2 2 2 2
left_child=-1 2 3 -2
right_child=1 -3 -4 -5
leaf_value=0.026180993994548631 -0.074642091208092051 -0.039225857390565146 0.034594186978358532 0.018901339203707995
leaf_weight=3.0168948471546182 2.2090674713253957 3.1677603134885421 4.0920589566230774 3.4279503030702472
leaf_count=18 24 28 34 27
internal_value=-0.000239285 -0.00641965 0.00426196 -0.017757
internal_weight=15.9137 12.8968 9.72908 5.63702
internal_count=131 113 85 51
is_linear=0
shrinkage=0.1


Tree=88
num_leaves=6
num_cat=0
split_feature=0 6 2 0 4
split_gain=0.311527 0.613732 1.32996 0.461778 1.0167
threshold=52.479992674999927 113.86635806516664 97.373061305280515 47.57549109355832 -0.00019268036201341984
decision_type=2 2 2 2 2
left_child=3 -2 -3 4 -1
right_child=1 2 -4 -5 -6
leaf_value=-0.05472536549331606 0.032148168372166663 -0.068262954318307686 0.026109188607933837 0.047058070711241885 0.038482206001906882
leaf_weight=2.1694316142238677 2.1761676855385286 3.6459846924990416 2.5292230248451233 2.7613568902015686 2.5409826505929241
leaf_count=22 17 37 14 21 20
internal_value=-0.000245597 -0.0135175 -0.0296103 0.0145888 -0.00444554
internal_weight=15.8231 8.35138 6.17521 7.47177 4.71041
internal_count=131 68 51 63 42
is_linear=0
shrinkage=0.1


Tree=89
num_leaves=5
num_cat=0
split_feature=5 1 0 6
split_gain=0.332343 0.446036 0.27425 0.12531
threshold=0.15998825774450168 94828.026220582004 54.04844358349628 163.64702431160359
decision_type=2 2 2 2
left_child=1 3 -2 -1
right_child=2 -3 -4 -5
leaf_value=0.016961770761414436 -0.0032515425434806915 -0.050657483500121885 0.033671060788257087 -0.014107958594541815
leaf_weight=2.5730714965611705 4.3418217934668046 2.4250182136893272 3.7484744396060705 2.6197626758366823
leaf_count=20 31 35 23 22
internal_value=-0.000258686 -0.0152485 0.0138558 0.00128722
internal_weight=15.7081 7.61785 8.0903 5.19283
internal_count=131 77 54 42
is_linear=0
shrinkage=0.1


Tree=90
num_leaves=5
num_cat=0
split_feature=2 3 3 3
split_gain=0.309248 0.541722 0.881189 0.677735
threshold=-84.01505769364816 0.0092133981796696223 0.0066971852087058222 0.01108527996878282
decision_type=2 2 2 2
left_child=-1 2 -2 -3
right_child=1 3 -4 -5
leaf_value=0.028650070581119055 0.012707717625273326 0.04963816699446584 -0.070033173081905542 -0.012843228295023865
leaf_weight=2.9939649249427029 2.3856156300753337 2.7471029805019498 2.7953882808797061 4.7168661989271641
leaf_count=27 20 21 28 35
internal_value=-0.00024909 -0.00709158 -0.0319348 0.010153
internal_weight=15.6389 12.645 5.181 7.46397
internal_count=131 104 48 56
is_linear=0
shrinkage=0.1


Tree=91
num_leaves=5
num_cat=0
split_feature=5 4 5 1
split_gain=0.260433 0.442103 0.581837 0.271338
threshold=0.15998825774450168 -0.00026383326872236873 -0.25521921604904335 94648.181266962842
decision_type=2 2 2 2
left_child=1 -1 -3 -2
right_child=3 2 -4 -5
leaf_value=-0.05613593011839435 -0.0071092610393825627 0.033866383664735697 -0.030343491140282994 0.029684826880480297
leaf_weight=1.8464151166845102 3.8081246651709062 2.6929922266863273 2.965007856488231 4.231171315535903
leaf_count=26 22 26 25 32
internal_value=-0.000250158 -0.0136476 0.00021796 0.0122559
internal_weight=15.5437 7.50442 5.658 8.0393
internal_count=131 77 51 54
is_linear=0
shrinkage=0.1


Tree=92
num_leaves=5
num_cat=0
split_feature=4 6 3 4
split_gain=0.258309 0.563716 0.860571 1.56042
threshold=0.0022754462155016868 274.73669010671932 0.0084924794074843855 0.00060167486500395395
decision_type=2 2 2 2
left_child=1 2 -1 -4
right_child=-2 -3 3 -5
leaf_value=0.028953947703860946 -0.021637952107207394 0.051275328812712087 -0.086947118479660648 0.027396239680493834
leaf_weight=4.2517701438628119 4.1382321817800412 2.3406439861282697 2.5232836231589317 2.2646679431200027
leaf_count=38 33 17 26 17
internal_value=-0.000242864 0.00753701 -0.00378809 -0.0328635
internal_weight=15.5186 11.3804 9.03972 4.78795
internal_count=131 98 81 43
is_linear=0
shrinkage=0.1


Tree=93
num_leaves=5
num_cat=0
split_feature=1 5 2 1
split_gain=0.253444 0.495977 0.851597 0.704279
threshold=94351.150194343601 -0.19647092258978163 -42.396168227776947 94648.181266962842
decision_type=2 2 2 2
left_child=-1 -2 -3 -4
right_child=1 2 3 -5
leaf_value=0.026219187159651366 -0.043527413170437283 0.048503221722467051 -0.05733519853860515 0.009630206994402795
leaf_weight=2.9286601580679426 2.8010746645741156 3.0013116896152479 2.5207533370703459 4.1662425356917083
leaf_count=18 37 23 17 36
internal_value=-0.000257443 -0.006466 0.00424916 -0.0156133
internal_weight=15.418 12.4894 9.68831 6.687
internal_count=131 113 76 53
is_linear=0
shrinkage=0.1


Tree=94
num_leaves=5
num_cat=0
split_feature=3 2 3 4
split_gain=0.254302 0.589319 0.574795 0.563087
threshold=0.0092133981796696223 -63.755335164879703 0.011223634701412384 1.0000000180025095e-35
decision_type=2 2 2 2
left_child=1 -1 -2 -3
right_child=2 3 -4 -5
leaf_value=0.023532926670166175 0.042087960248952887 0.0026347745101052509 -0.011639990731477005 -0.067903470194960888
leaf_weight=2.6582123171538106 3.5471852407790703 2.0821699963416922 4.5392922461032867 2.479120634496212
leaf_count=26 27 19 35 24
internal_value=-0.000251069 -0.0138928 0.0119281 -0.0357037
internal_weight=15.306 7.2195 8.08648 4.56129
internal_count=131 69 62 43
is_linear=0
shrinkage=0.1


Tree=95
num_leaves=5
num_cat=0
split_feature=1 4 4 5
split_gain=0.266558 0.760047 0.697784 0.693618
threshold=94416.78767701333 0.0019924225915741727 -0.00043060423853957802 0.57287806020074361
decision_type=2 2 2 2
left_child=-1 2 3 -2
right_child=1 -3 -4 -5
leaf_value=0.019772473690717086 -0.068000528928964923 -0.059798424771997941 0.032585208258271735 0.016129550398948818
leaf_weight=4.6300960220396528 1.940409706672652 2.3040473069995633 4.3739189822226763 1.9799110181629656
leaf_count=30 27 23 37 14
internal_value=-0.000244195 -0.00898892 0.00512539 -0.0255116
internal_weight=15.2284 10.5983 8.29424 3.92032
internal_count=131 101 78 41
is_linear=0
shrinkage=0.1


Tree=96
num_leaves=5
num_cat=0
split_feature=1 3 5 4
split_gain=0.228572 0.656733 0.870745 0.637989
threshold=94796.135578800851 0.010743533181080981 0.4994011606652195 0.00013058645277030936
decision_type=2 2 2 2
left_child=1 2 -1 -2
right_child=3 -3 -4 -5
leaf_value=-0.0011228598087904963 0.0099117436935307751 -0.022366159563251151 0.078374544812637587 -0.061025786298026075
leaf_weight=3.4626772226765734 3.3746796767227361 3.9709421992301941 2.2883171625435352 2.030768436845392
leaf_count=30 34 26 16 25
internal_value=-0.000253665 0.00891211 0.0305091 -0.0167387
internal_weight=15.1274 9.72194 5.75099 5.40545
internal_count=131 72 46 59
is_linear=0
shrinkage=0.1


Tree=97
num_leaves=5
num_cat=0
split_feature=3 3 2 3
split_gain=0.236207 0.571085 0.5187 0.514133
threshold=0.0099209140398901757 0.0073055645674003902 -52.043416354274306 0.011223634701412384
decision_type=2 2 2 2
left_child=1 2 -1 -2
right_child=3 -3 -4 -5
leaf_value=0.036854869897762536 0.044889579089876036 -0.055172174438517345 -0.025159529377802359 -0.0089339609625329799
leaf_weight=2.6247584144584835 2.946953609585762 2.229441137984395 2.7743796787690371 4.4616189878433943
leaf_count=20 18 30 28 35
internal_value=-0.000242233 -0.0125934 0.0049884 0.0124758
internal_weight=15.0372 7.62858 5.39914 7.40857
internal_count=131 78 48 53
is_linear=0
shrinkage=0.1


Tree=98
num_leaves=5
num_cat=0
split_feature=4 0 0 4
split_gain=0.225521 0.60538 0.655194 0.310832
threshold=0.0022754462155016868 51.089815054408561 57.332707840723863 -0.00092161753851743844
decision_type=2 2 2 2
left_child=1 3 -3 -1
right_child=-2 2 -4 -5
leaf_value=-0.051940930103785254 -0.020803456426830253 0.060895333428855905 -0.0018997774669713048 0.0023243879856210676
leaf_weight=1.9403450468089429 3.9271879219450065 2.9689393965527415 3.7732987534254789 2.314828488044439
leaf_count=23 33 22 31 22
internal_value=-0.000232886 0.00711289 0.025752 -0.0224204
internal_weight=14.9246 10.9974 6.74224 4.25517
internal_count=131 98 53 45
is_linear=0
shrinkage=0.1


Tree=99
num_leaves=5
num_cat=0
split_feature=3 6 3 2
split_gain=0.218446 0.528684 0.506412 0.455908
threshold=0.0099209140398901757 231.10236333705225 0.0073055645674003902 -52.043416354274306
decision_type=2 2 2 2
left_child=2 -2 3 -1
right_child=1 -3 -4 -5
leaf_value=0.034227729412170331 -0.011904243041181081 0.042064497285829998 -0.053061596686192439 -0.024234004665182544
leaf_weight=2.6063557625748217 4.0935461297631264 3.2612242475152016 2.1617618822492659 2.7323499899357557
leaf_count=20 31 22 30 28
internal_value=-0.000219551 0.0120264 -0.0122276 0.00430701
internal_weight=14.8552 7.35477 7.50047 5.33871
internal_count=131 53 78 48
is_linear=0
shrinkage=0.1


end of trees

feature_importances:
price_change=72
boll_width=68
volatility_3candle=64
volume_change=60
ema20=58
macd=49
rsi=45

parameters:
[boosting: gbdt]
[objective: binary]
[metric: binary_logloss]
[tree_learner: serial]
[device_type: cpu]
[data_sample_strategy: bagging]
[data: ]
[valid: ]
[num_iterations: 100]
[learning_rate: 0.1]
[num_leaves: 31]
[num_threads: 2]
[seed: 0]
[deterministic: 0]
[force_col_wise: 0]
[force_row_wise: 0]
[histogram_pool_size: -1]
[max_depth: -1]
[min_data_in_leaf: 20]
[min_sum_hessian_in_leaf: 0.001]
[bagging_fraction: 1]
[pos_bagging_fraction: 1]
[neg_bagging_fraction: 1]
[bagging_freq: 0]
[bagging_seed: 3]
[bagging_by_query: 0]
[feature_fraction: 1]
[feature_fraction_bynode: 1]
[feature_fraction_seed: 2]
[extra_trees: 0]
[extra_seed: 6]
[early_stopping_round: 0]
[early_stopping_min_delta: 0]
[first_metric_only: 0]
[max_delta_step: 0]
[lambda_l1: 0]
[lambda_l2: 0]
[linear_lambda: 0]
[min_gain_to_split: 0]
[drop_rate: 0.1]
[max_drop: 50]
[skip_drop: 0.5]
[xgboost_dart_mode: 0]
[uniform_drop: 0]
[drop_seed: 4]
[top_rate: 0.2]
[other_rate: 0.1]
[min_data_per_group: 100]
[max_cat_threshold: 32]
[cat_l2: 10]
[cat_smooth: 10]
[max_cat_to_onehot: 4]
[top_k: 20]
[monotone_constraints: ]
[monotone_constraints_method: basic]
[monotone_penalty: 0]
[feature_contri: ]
[forcedsplits_filename: ]
[refit_decay_rate: 0.9]
[cegb_tradeoff: 1]
[cegb_penalty_split: 0]
[cegb_penalty_feature_lazy: ]
[cegb_penalty_feature_coupled: ]
[path_smooth: 0]
[interaction_constraints: ]
[verbosity: 1]
[saved_feature_importance_type: 0]
[use_quantized_grad: 0]
[num_grad_quant_bins: 4]
[quant_train_renew_leaf: 0]
[stochastic_rounding: 1]
[linear_tree: 0]
[max_bin: 255]
[max_bin_by_feature: ]
[min_data_in_bin: 3]
[bin_construct_sample_cnt: 200000]
[data_random_seed: 1]
[is_enable_sparse: 1]
[enable_bundle: 1]
[use_missing: 1]
[zero_as_missing: 0]
[feature_pre_filter: 1]
[pre_partition: 0]
[two_round: 0]
[header: 0]
[label_column: ]
[weight_column: ]
[group_column: ]
[ignore_column: ]
[categorical_feature: ]
[forcedbins_filename: ]
[precise_float_parser: 0]
[parser_config_file: ]
[objective_seed: 5]
[num_class: 1]
[is_unbalance: 0]
[scale_pos_weight: 1]
[sigmoid: 1]
[boost_from_average: 1]
[reg_sqrt: 0]
[alpha: 0.9]
[fair_c: 1]
[poisson_max_delta_step: 0.7]
[tweedie_variance_power: 1.5]
[lambdarank_truncation_level: 30]
[lambdarank_norm: 1]
[label_gain: ]
[lambdarank_position_bias_regularization: 0]
[eval_at: ]
[multi_error_top_k: 1]
[auc_mu_weights: ]
[num_machines: 1]
[local_listen_port: 12400]
[time_out: 120]
[machine_list_filename: ]
[machines: ]
[gpu_platform_id: -1]
[gpu_device_id: -1]
[gpu_use_dp: 0]
[num_gpu: 1]

end of parameters

pandas_categorical:[]
